1
[[[1241, 41], [36, 18]], [[1324, 0], [12, 0]], [[1209, 54], [60, 13]], [[1129, 115], [45, 47]], [[1208, 81], [28, 19]], [[1310, 4], [20, 2]], [[1216, 55], [39, 26]], [[1301, 7], [26, 2]], [[1322, 0], [14, 0]], [[1325, 0], [11, 0]], [[1249, 40], [40, 7]], [[1298, 11], [12, 15]], [[1322, 1], [11, 2]], [[1204, 61], [52, 19]], [[1263, 31], [39, 3]], [[1325, 0], [11, 0]], [[1324, 0], [12, 0]], [[1321, 1], [13, 1]], [[1294, 18], [14, 10]], [[1261, 35], [32, 8]], [[1287, 12], [22, 15]], [[1303, 3], [28, 2]], [[1297, 2], [20, 17]], [[1325, 0], [11, 0]], [[1313, 0], [22, 1]], [[1315, 0], [21, 0]], [[1323, 0], [13, 0]], [[1306, 4], [25, 1]], [[1200, 74], [22, 40]], [[1262, 24], [48, 2]], [[1317, 1], [18, 0]], [[1057, 200], [27, 52]], [[1270, 16], [38, 12]], [[1319, 1], [14, 2]], [[1248, 35], [30, 23]], [[1325, 0], [11, 0]], [[1272, 25], [23, 16]], [[1315, 0], [16, 5]], [[1316, 0], [16, 4]]]
2
[[[2480, 81], [71, 37]], [[2645, 0], [24, 0]], [[2411, 112], [112, 34]], [[2233, 252], [88, 96]], [[2420, 155], [56, 38]], [[2617, 8], [39, 5]], [[2433, 106], [82, 48]], [[2603, 10], [48, 8]], [[2641, 0], [28, 0]], [[2648, 0], [21, 0]], [[2499, 76], [72, 22]], [[2583, 32], [24, 30]], [[2642, 1], [23, 3]], [[2402, 125], [100, 42]], [[2534, 51], [78, 6]], [[2647, 0], [22, 0]], [[2645, 0], [24, 0]], [[2640, 1], [27, 1]], [[2580, 41], [38, 10]], [[2517, 72], [62, 18]], [[2573, 22], [48, 26]], [[2594, 15], [58, 2]], [[2591, 4], [42, 32]], [[2647, 0], [22, 0]], [[2623, 0], [45, 1]], [[2626, 1], [42, 0]], [[2643, 0], [26, 0]], [[2610, 7], [49, 3]], [[2385, 160], [46, 78]], [[2539, 30], [97, 3]], [[2629, 4], [33, 3]], [[2128, 383], [54, 104]], [[2533, 36], [78, 22]], [[2633, 4], [28, 4]], [[2492, 72], [61, 44]], [[2647, 0], [22, 0]], [[2551, 40], [49, 29]], [[2626, 1], [35, 7]], [[2628, 2], [30, 9]]]
3
[[[3712, 123], [112, 50]], [[3961, 0], [36, 0]], [[3588, 190], [162, 57]], [[3330, 391], [126, 150]], [[3630, 226], [87, 54]], [[3919, 12], [59, 7]], [[3635, 168], [121, 73]], [[3898, 15], [74, 10]], [[3956, 0], [41, 0]], [[3965, 1], [30, 1]], [[3737, 119], [110, 31]], [[3871, 45], [39, 42]], [[3955, 3], [33, 6]], [[3614, 171], [150, 62]], [[3798, 73], [117, 9]], [[3964, 0], [33, 0]], [[3961, 0], [36, 0]], [[3954, 1], [41, 1]], [[3867, 58], [58, 14]], [[3781, 97], [93, 26]], [[3852, 34], [74, 37]], [[3887, 20], [87, 3]], [[3872, 15], [60, 50]], [[3964, 0], [33, 0]], [[3927, 1], [67, 2]], [[3933, 1], [63, 0]], [[3958, 0], [39, 0]], [[3912, 7], [73, 5]], [[3593, 218], [68, 118]], [[3798, 49], [147, 3]], [[3939, 4], [51, 3]], [[3187, 573], [81, 156]], [[3793, 54], [117, 33]], [[3938, 11], [42, 6]], [[3728, 112], [98, 59]], [[3964, 0], [33, 0]], [[3819, 61], [71, 46]], [[3932, 2], [50, 13]], [[3935, 4], [47, 11]]]
4
[[[4937, 168], [159, 57]], [[5273, 0], [48, 0]], [[4736, 293], [216, 76]], [[4451, 502], [170, 198]], [[4839, 294], [116, 72]], [[5213, 20], [79, 9]], [[4831, 232], [162, 96]], [[5190, 19], [98, 14]], [[5267, 0], [54, 0]], [[5279, 1], [39, 2]], [[4987, 146], [148, 40]], [[5147, 66], [55, 53]], [[5266, 4], [45, 6]], [[4820, 219], [195, 87]], [[5062, 91], [154, 14]], [[5277, 0], [44, 0]], [[5273, 0], [48, 0]], [[5265, 1], [54, 1]], [[5146, 79], [74, 22]], [[5033, 130], [122, 36]], [[5130, 43], [94, 54]], [[5179, 22], [115, 5]], [[5152, 23], [87, 59]], [[5277, 0], [44, 0]], [[5226, 3], [90, 2]], [[5236, 1], [84, 0]], [[5270, 0], [51, 0]], [[5205, 12], [96, 8]], [[4784, 289], [89, 159]], [[5064, 57], [195, 5]], [[5243, 6], [68, 4]], [[4227, 778], [112, 204]], [[5045, 76], [154, 46]], [[5243, 14], [55, 9]], [[4974, 138], [131, 78]], [[5278, 0], [43, 0]], [[5083, 82], [99, 57]], [[5234, 3], [70, 14]], [[5239, 5], [60, 17]]]
5
[[[6166, 205], [200, 70]], [[6580, 1], [60, 0]], [[5938, 338], [263, 102]], [[5550, 631], [212, 248]], [[6042, 365], [138, 96]], [[6509, 22], [99, 11]], [[6031, 288], [203, 119]], [[6478, 24], [123, 16]], [[6574, 0], [67, 0]], [[6589, 1], [49, 2]], [[6228, 178], [182, 53]], [[6424, 82], [69, 66]], [[6573, 5], [57, 6]], [[5994, 295], [237, 115]], [[6324, 107], [191, 19]], [[6586, 0], [55, 0]], [[6581, 0], [60, 0]], [[6572, 1], [66, 2]], [[6428, 93], [95, 25]], [[6295, 149], [151, 46]], [[6404, 52], [124, 61]], [[6464, 27], [144, 6]], [[6430, 29], [110, 72]], [[6586, 1], [54, 0]], [[6522, 4], [113, 2]], [[6535, 1], [105, 0]], [[6578, 0], [63, 0]], [[6497, 14], [121, 9]], [[5973, 358], [105, 205]], [[6321, 71], [240, 9]], [[6544, 7], [86, 4]], [[5270, 976], [147, 248]], [[6293, 98], [190, 60]], [[6541, 20], [70, 10]], [[6199, 181], [160, 101]], [[6588, 0], [53, 0]], [[6337, 109], [121, 74]], [[6532, 4], [89, 16]], [[6536, 9], [74, 22]]]
6
[[[7387, 246], [241, 83]], [[7883, 2], [72, 0]], [[7101, 418], [313, 125]], [[6621, 784], [247, 305]], [[7245, 432], [164, 116]], [[7801, 25], [120, 11]], [[7232, 339], [240, 146]], [[7763, 28], [146, 20]], [[7877, 0], [79, 1]], [[7895, 1], [59, 2]], [[7466, 209], [219, 63]], [[7695, 100], [86, 76]], [[7873, 9], [68, 7]], [[7188, 347], [286, 136]], [[7577, 129], [226, 25]], [[7891, 0], [66, 0]], [[7885, 0], [71, 1]], [[7875, 1], [79, 2]], [[7705, 108], [112, 32]], [[7547, 174], [181, 55]], [[7678, 57], [150, 72]], [[7747, 30], [174, 6]], [[7703, 36], [134, 84]], [[7892, 1], [64, 0]], [[7815, 5], [135, 2]], [[7830, 1], [126, 0]], [[7882, 0], [75, 0]], [[7783, 18], [142, 14]], [[7153, 432], [125, 247]], [[7572, 87], [289, 9]], [[7838, 11], [103, 5]], [[6342, 1141], [176, 298]], [[7537, 120], [233, 67]], [[7840, 21], [84, 12]], [[7425, 219], [194, 119]], [[7894, 0], [63, 0]], [[7590, 133], [145, 89]], [[7825, 7], [107, 18]], [[7832, 10], [87, 28]]]
7
[[[8608, 285], [283, 95]], [[9184, 3], [84, 0]], [[8284, 476], [372, 139]], [[7708, 919], [285, 359]], [[8452, 493], [194, 132]], [[9092, 27], [140, 12]], [[8442, 379], [282, 168]], [[9048, 30], [169, 24]], [[9178, 0], [92, 1]], [[9199, 1], [69, 2]], [[8698, 244], [256, 73]], [[8971, 111], [100, 89]], [[9173, 11], [79, 8]], [[8349, 430], [327, 165]], [[8832, 147], [263, 29]], [[9195, 0], [76, 0]], [[9187, 0], [83, 1]], [[9176, 1], [92, 2]], [[8974, 129], [129, 39]], [[8794, 202], [210, 65]], [[8946, 66], [173, 86]], [[9025, 36], [201, 9]], [[8972, 45], [154, 100]], [[9196, 1], [74, 0]], [[9107, 5], [157, 2]], [[9123, 1], [147, 0]], [[9184, 0], [87, 0]], [[9071, 18], [166, 16]], [[8314, 523], [143, 291]], [[8818, 106], [334, 13]], [[9134, 11], [121, 5]], [[7368, 1350], [205, 348]], [[8788, 133], [273, 77]], [[9131, 28], [99, 13]], [[8664, 242], [227, 138]], [[9198, 0], [73, 0]], [[8852, 147], [172, 100]], [[9117, 9], [126, 19]], [[9126, 11], [103, 31]]]
8
[[[9828, 321], [323, 109]], [[10480, 5], [95, 1]], [[9448, 549], [420, 164]], [[8782, 1064], [323, 412]], [[9636, 573], [222, 150]], [[10378, 30], [159, 14]], [[9630, 437], [320, 194]], [[10324, 37], [194, 26]], [[10474, 1], [105, 1]], [[10499, 1], [79, 2]], [[9941, 265], [291, 84]], [[10239, 126], [117, 99]], [[10471, 11], [91, 8]], [[9517, 502], [375, 187]], [[10084, 164], [298, 35]], [[10495, 0], [86, 0]], [[10485, 0], [94, 2]], [[10473, 1], [105, 2]], [[10238, 151], [149, 43]], [[10039, 228], [244, 70]], [[10213, 72], [194, 102]], [[10300, 41], [229, 11]], [[10241, 50], [180, 110]], [[10496, 1], [84, 0]], [[10395, 5], [178, 3]], [[10412, 1], [168, 0]], [[10482, 0], [99, 0]], [[10351, 22], [192, 16]], [[9490, 596], [172, 323]], [[10066, 119], [381, 15]], [[10425, 12], [138, 6]], [[8424, 1526], [236, 395]], [[10021, 160], [311, 89]], [[10420, 33], [113, 15]], [[9892, 272], [258, 159]], [[10498, 0], [83, 0]], [[10103, 168], [200, 110]], [[10406, 10], [145, 20]], [[10415, 13], [116, 37]]]
9
[[[11042, 360], [367, 119]], [[11775, 5], [107, 1]], [[10604, 627], [474, 183]], [[9861, 1201], [363, 463]], [[10808, 662], [252, 166]], [[11659, 35], [175, 19]], [[10815, 495], [358, 220]], [[11601, 40], [220, 27]], [[11768, 1], [118, 1]], [[11796, 1], [89, 2]], [[11176, 291], [328, 93]], [[11505, 141], [131, 111]], [[11765, 12], [103, 8]], [[10703, 553], [428, 204]], [[11335, 179], [333, 41]], [[11792, 0], [96, 0]], [[11780, 0], [106, 2]], [[11767, 1], [118, 2]], [[11493, 180], [165, 50]], [[11275, 260], [277, 76]], [[11475, 80], [216, 117]], [[11569, 49], [259, 11]], [[11507, 55], [205, 121]], [[11792, 2], [94, 0]], [[11680, 5], [199, 4]], [[11696, 3], [189, 0]], [[11777, 0], [111, 0]], [[11630, 24], [217, 17]], [[10673, 659], [194, 362]], [[11316, 127], [427, 18]], [[11712, 15], [155, 6]], [[9461, 1718], [265, 444]], [[11269, 169], [344, 106]], [[11706, 38], [126, 18]], [[11109, 310], [288, 181]], [[11795, 0], [93, 0]], [[11354, 186], [224, 124]], [[11693, 10], [164, 21]], [[11703, 13], [129, 43]]]
10
[[[12252, 400], [408, 132]], [[13068, 5], [117, 2]], [[11796, 666], [533, 197]], [[10914, 1361], [405, 512]], [[11999, 729], [283, 181]], [[12937, 40], [196, 19]], [[12010, 540], [397, 245]], [[12874, 44], [246, 28]], [[13059, 1], [131, 1]], [[13088, 3], [99, 2]], [[12401, 324], [364, 103]], [[12769, 155], [148, 120]], [[13055, 14], [114, 9]], [[11851, 639], [463, 239]], [[12579, 198], [370, 45]], [[13086, 0], [106, 0]], [[13072, 0], [118, 2]], [[13058, 1], [131, 2]], [[12758, 196], [180, 58]], [[12520, 280], [308, 84]], [[12735, 87], [239, 131]], [[12837, 55], [287, 13]], [[12767, 63], [227, 135]], [[13086, 2], [104, 0]], [[12962, 5], [220, 5]], [[12976, 6], [210, 0]], [[13069, 0], [123, 0]], [[12903, 30], [241, 18]], [[11845, 730], [216, 401]], [[12552, 146], [474, 20]], [[12999, 15], [171, 7]], [[10499, 1906], [289, 498]], [[12504, 188], [383, 117]], [[12993, 40], [139, 20]], [[12329, 342], [322, 199]], [[13089, 0], [103, 0]], [[12604, 202], [247, 139]], [[12975, 12], [181, 24]], [[12986, 15], [147, 44]]]
