1
[[[1241, 41], [41, 13]], [[1324, 0], [12, 0]], [[1165, 98], [53, 20]], [[1093, 151], [42, 50]], [[1225, 64], [34, 13]], [[1313, 1], [22, 0]], [[1224, 47], [45, 20]], [[1296, 12], [26, 2]], [[1322, 0], [14, 0]], [[1325, 0], [11, 0]], [[1240, 49], [38, 9]], [[1279, 30], [26, 1]], [[1322, 1], [12, 1]], [[1173, 92], [55, 16]], [[1285, 9], [37, 5]], [[1325, 0], [11, 0]], [[1324, 0], [12, 0]], [[1322, 0], [14, 0]], [[1301, 11], [21, 3]], [[1267, 29], [29, 11]], [[1282, 17], [28, 9]], [[1293, 13], [27, 3]], [[1273, 26], [20, 17]], [[1325, 0], [11, 0]], [[1311, 2], [23, 0]], [[1315, 0], [21, 0]], [[1323, 0], [13, 0]], [[1307, 3], [26, 0]], [[1217, 57], [25, 37]], [[1265, 21], [46, 4]], [[1315, 3], [18, 0]], [[1148, 109], [45, 34]], [[1248, 38], [37, 13]], [[1317, 3], [14, 2]], [[1227, 56], [42, 11]], [[1325, 0], [11, 0]], [[1261, 36], [32, 7]], [[1305, 10], [21, 0]], [[1316, 0], [14, 6]]]
2
[[[2490, 71], [82, 26]], [[2645, 0], [24, 0]], [[2332, 191], [110, 36]], [[2158, 327], [89, 95]], [[2458, 117], [72, 22]], [[2621, 4], [44, 0]], [[2450, 89], [84, 46]], [[2589, 24], [50, 6]], [[2638, 3], [28, 0]], [[2648, 0], [21, 0]], [[2473, 102], [76, 18]], [[2552, 63], [47, 7]], [[2642, 1], [22, 4]], [[2359, 168], [107, 35]], [[2564, 21], [75, 9]], [[2647, 0], [22, 0]], [[2645, 0], [24, 0]], [[2641, 0], [28, 0]], [[2603, 18], [34, 14]], [[2532, 57], [56, 24]], [[2566, 29], [59, 15]], [[2586, 23], [55, 5]], [[2541, 54], [46, 28]], [[2647, 0], [22, 0]], [[2620, 3], [46, 0]], [[2627, 0], [42, 0]], [[2643, 0], [26, 0]], [[2609, 8], [52, 0]], [[2438, 107], [49, 75]], [[2514, 55], [94, 6]], [[2628, 5], [35, 1]], [[2275, 236], [85, 73]], [[2487, 82], [80, 20]], [[2634, 3], [29, 3]], [[2466, 98], [79, 26]], [[2647, 0], [22, 0]], [[2523, 68], [61, 17]], [[2612, 15], [39, 3]], [[2627, 3], [29, 10]]]
3
[[[3744, 91], [117, 45]], [[3961, 0], [36, 0]], [[3488, 290], [166, 53]], [[3225, 496], [129, 147]], [[3673, 183], [109, 32]], [[3927, 4], [65, 1]], [[3670, 133], [134, 60]], [[3875, 38], [74, 10]], [[3953, 3], [41, 0]], [[3966, 0], [31, 0]], [[3713, 143], [112, 29]], [[3827, 89], [67, 14]], [[3955, 3], [35, 4]], [[3527, 258], [158, 54]], [[3840, 31], [114, 12]], [[3964, 0], [33, 0]], [[3961, 0], [36, 0]], [[3955, 0], [42, 0]], [[3896, 29], [53, 19]], [[3792, 86], [88, 31]], [[3838, 48], [85, 26]], [[3870, 37], [80, 10]], [[3803, 84], [68, 42]], [[3964, 0], [33, 0]], [[3924, 4], [69, 0]], [[3930, 4], [62, 1]], [[3958, 0], [39, 0]], [[3909, 10], [77, 1]], [[3624, 187], [79, 107]], [[3772, 75], [139, 11]], [[3936, 7], [52, 2]], [[3415, 345], [135, 102]], [[3733, 114], [124, 26]], [[3942, 7], [44, 4]], [[3696, 144], [117, 40]], [[3964, 0], [33, 0]], [[3783, 97], [90, 27]], [[3913, 21], [55, 8]], [[3933, 6], [46, 12]]]
4
[[[4973, 132], [157, 59]], [[5273, 0], [48, 0]], [[4636, 393], [223, 69]], [[4282, 671], [172, 196]], [[4896, 237], [139, 49]], [[5229, 4], [86, 2]], [[4878, 185], [181, 77]], [[5161, 48], [100, 12]], [[5263, 4], [54, 0]], [[5280, 0], [41, 0]], [[4954, 179], [151, 37]], [[5089, 124], [85, 23]], [[5266, 4], [47, 4]], [[4711, 328], [213, 69]], [[5110, 43], [153, 15]], [[5277, 0], [44, 0]], [[5273, 0], [48, 0]], [[5266, 0], [55, 0]], [[5186, 39], [69, 27]], [[5050, 113], [116, 42]], [[5110, 63], [118, 30]], [[5157, 44], [102, 18]], [[5063, 112], [93, 53]], [[5277, 0], [44, 0]], [[5224, 5], [92, 0]], [[5229, 8], [83, 1]], [[5270, 0], [51, 0]], [[5203, 14], [103, 1]], [[4809, 264], [107, 141]], [[5018, 103], [184, 16]], [[5239, 10], [67, 5]], [[4556, 449], [171, 145]], [[4974, 147], [166, 34]], [[5247, 10], [60, 4]], [[4924, 188], [159, 50]], [[5278, 0], [43, 0]], [[5035, 130], [121, 35]], [[5215, 22], [75, 9]], [[5235, 9], [61, 16]]]
5
[[[6184, 187], [198, 72]], [[6581, 0], [60, 0]], [[5789, 487], [284, 81]], [[5366, 815], [216, 244]], [[6112, 295], [173, 61]], [[6525, 6], [108, 2]], [[6083, 236], [224, 98]], [[6442, 60], [124, 15]], [[6566, 8], [66, 1]], [[6590, 0], [51, 0]], [[6178, 228], [185, 50]], [[6358, 148], [104, 31]], [[6572, 6], [58, 5]], [[5877, 412], [264, 88]], [[6375, 56], [192, 18]], [[6586, 0], [55, 0]], [[6581, 0], [60, 0]], [[6573, 0], [68, 0]], [[6466, 55], [89, 31]], [[6304, 140], [149, 48]], [[6382, 74], [144, 41]], [[6437, 54], [127, 23]], [[6322, 137], [120, 62]], [[6587, 0], [54, 0]], [[6520, 6], [115, 0]], [[6526, 10], [104, 1]], [[6578, 0], [63, 0]], [[6492, 19], [128, 2]], [[6003, 328], [132, 178]], [[6256, 136], [231, 18]], [[6539, 12], [83, 7]], [[5690, 556], [223, 172]], [[6213, 178], [203, 47]], [[6547, 14], [75, 5]], [[6148, 232], [194, 67]], [[6588, 0], [53, 0]], [[6277, 169], [150, 45]], [[6512, 24], [95, 10]], [[6535, 10], [76, 20]]]
6
[[[7402, 231], [236, 88]], [[7885, 0], [72, 0]], [[6927, 592], [341, 97]], [[6437, 968], [257, 295]], [[7331, 346], [206, 74]], [[7815, 11], [128, 3]], [[7287, 284], [269, 117]], [[7719, 72], [146, 20]], [[7869, 8], [79, 1]], [[7895, 1], [61, 0]], [[7397, 278], [224, 58]], [[7629, 166], [123, 39]], [[7875, 7], [69, 6]], [[7036, 499], [312, 110]], [[7641, 65], [231, 20]], [[7891, 0], [66, 0]], [[7885, 0], [72, 0]], [[7876, 0], [81, 0]], [[7747, 66], [110, 34]], [[7561, 160], [178, 58]], [[7641, 94], [172, 50]], [[7706, 71], [152, 28]], [[7568, 171], [146, 72]], [[7893, 0], [64, 0]], [[7814, 6], [137, 0]], [[7821, 10], [125, 1]], [[7882, 0], [75, 0]], [[7780, 21], [154, 2]], [[7191, 394], [158, 214]], [[7504, 155], [275, 23]], [[7837, 12], [99, 9]], [[6827, 656], [268, 206]], [[7436, 221], [245, 55]], [[7845, 16], [91, 5]], [[7362, 282], [230, 83]], [[7894, 0], [63, 0]], [[7530, 193], [175, 59]], [[7805, 27], [113, 12]], [[7831, 11], [91, 24]]]
7
[[[8619, 274], [277, 101]], [[9187, 0], [84, 0]], [[8078, 682], [404, 107]], [[7486, 1141], [303, 341]], [[8546, 399], [240, 86]], [[9103, 16], [148, 4]], [[8499, 322], [314, 136]], [[8993, 85], [169, 24]], [[9169, 9], [92, 1]], [[9199, 1], [71, 0]], [[8603, 339], [258, 71]], [[8884, 198], [140, 49]], [[9177, 7], [81, 6]], [[8198, 581], [363, 129]], [[8904, 75], [271, 21]], [[9195, 0], [76, 0]], [[9187, 0], [84, 0]], [[9177, 0], [94, 0]], [[9029, 74], [132, 36]], [[8810, 186], [209, 66]], [[8905, 107], [201, 58]], [[8979, 82], [174, 36]], [[8819, 198], [175, 79]], [[9197, 0], [74, 0]], [[9106, 6], [159, 0]], [[9112, 12], [146, 1]], [[9184, 0], [87, 0]], [[9065, 24], [179, 3]], [[8380, 457], [187, 247]], [[8745, 179], [320, 27]], [[9133, 12], [117, 9]], [[7946, 772], [307, 246]], [[8668, 253], [286, 64]], [[9141, 18], [107, 5]], [[8573, 333], [270, 95]], [[9198, 0], [73, 0]], [[8778, 221], [198, 74]], [[9096, 30], [130, 15]], [[9125, 12], [105, 29]]]
8
[[[9843, 306], [312, 120]], [[10485, 0], [96, 0]], [[9230, 767], [460, 124]], [[8550, 1296], [351, 384]], [[9760, 449], [273, 99]], [[10389, 19], [169, 4]], [[9696, 371], [354, 160]], [[10256, 105], [196, 24]], [[10462, 13], [105, 1]], [[10499, 1], [81, 0]], [[9822, 384], [294, 81]], [[10135, 230], [161, 55]], [[10474, 8], [90, 9]], [[9355, 664], [404, 158]], [[10160, 88], [310, 23]], [[10495, 0], [86, 0]], [[10485, 0], [96, 0]], [[10474, 0], [107, 0]], [[10304, 85], [151, 41]], [[10057, 210], [242, 72]], [[10156, 129], [236, 60]], [[10248, 93], [201, 39]], [[10065, 226], [198, 92]], [[10497, 0], [84, 0]], [[10393, 7], [181, 0]], [[10393, 20], [167, 1]], [[10482, 0], [99, 0]], [[10346, 27], [204, 4]], [[9562, 524], [208, 287]], [[9985, 200], [367, 29]], [[10423, 14], [134, 10]], [[9082, 868], [346, 285]], [[9896, 285], [329, 71]], [[10428, 25], [122, 6]], [[9788, 376], [308, 109]], [[10498, 0], [83, 0]], [[10008, 263], [226, 84]], [[10382, 34], [147, 18]], [[10416, 12], [121, 32]]]
9
[[[11058, 344], [354, 132]], [[11780, 0], [108, 0]], [[10389, 842], [514, 143]], [[9603, 1459], [392, 434]], [[10966, 504], [304, 114]], [[11672, 22], [189, 5]], [[10897, 413], [392, 186]], [[11528, 113], [218, 29]], [[11755, 14], [118, 1]], [[11796, 1], [91, 0]], [[11023, 444], [331, 90]], [[11394, 252], [180, 62]], [[11769, 8], [100, 11]], [[10503, 753], [455, 177]], [[11412, 102], [345, 29]], [[11792, 0], [96, 0]], [[11780, 0], [108, 0]], [[11768, 0], [120, 0]], [[11585, 88], [168, 47]], [[11302, 233], [272, 81]], [[11412, 143], [267, 66]], [[11517, 101], [226, 44]], [[11310, 252], [222, 104]], [[11794, 0], [94, 0]], [[11677, 8], [203, 0]], [[11672, 27], [188, 1]], [[11777, 0], [111, 0]], [[11625, 29], [228, 6]], [[10751, 581], [236, 320]], [[11214, 229], [411, 34]], [[11709, 18], [148, 13]], [[10191, 988], [392, 317]], [[11117, 321], [366, 84]], [[11717, 27], [138, 6]], [[10999, 420], [346, 123]], [[11795, 0], [93, 0]], [[11253, 287], [250, 98]], [[11664, 39], [163, 22]], [[11704, 12], [137, 35]]]
10
[[[12280, 372], [393, 147]], [[13073, 0], [119, 0]], [[11523, 939], [578, 152]], [[10651, 1624], [432, 485]], [[12168, 560], [339, 125]], [[12952, 25], [210, 5]], [[12084, 466], [425, 217]], [[12795, 123], [242, 32]], [[13043, 17], [131, 1]], [[13090, 1], [101, 0]], [[12247, 478], [370, 97]], [[12646, 278], [200, 68]], [[13061, 8], [111, 12]], [[11644, 846], [503, 199]], [[12657, 120], [383, 32]], [[13086, 0], [106, 0]], [[13072, 0], [120, 0]], [[13059, 0], [133, 0]], [[12857, 97], [187, 51]], [[12537, 263], [305, 87]], [[12661, 161], [298, 72]], [[12781, 111], [252, 48]], [[12550, 280], [246, 116]], [[13088, 0], [104, 0]], [[12958, 9], [225, 0]], [[12953, 29], [209, 1]], [[13069, 0], [123, 0]], [[12900, 33], [253, 6]], [[11935, 640], [269, 348]], [[12438, 260], [458, 36]], [[12994, 20], [165, 13]], [[11313, 1092], [442, 345]], [[12328, 364], [408, 92]], [[13001, 32], [153, 6]], [[12210, 461], [383, 138]], [[13089, 0], [103, 0]], [[12487, 319], [274, 112]], [[12945, 42], [182, 23]], [[12986, 15], [150, 41]]]
