1
[[[1200, 82], [45, 9]], [[1324, 0], [12, 0]], [[1227, 36], [70, 3]], [[998, 246], [69, 23]], [[1286, 3], [47, 0]], [[1314, 0], [22, 0]], [[1162, 109], [35, 30]], [[1308, 0], [28, 0]], [[1322, 0], [14, 0]], [[1325, 0], [11, 0]], [[1240, 49], [40, 7]], [[1309, 0], [27, 0]], [[1323, 0], [13, 0]], [[1098, 167], [41, 30]], [[1289, 5], [42, 0]], [[1325, 0], [11, 0]], [[1324, 0], [12, 0]], [[1322, 0], [14, 0]], [[1307, 5], [24, 0]], [[1284, 12], [38, 2]], [[1285, 14], [35, 2]], [[1306, 0], [30, 0]], [[1224, 75], [29, 8]], [[1325, 0], [11, 0]], [[1313, 0], [23, 0]], [[1315, 0], [21, 0]], [[1323, 0], [13, 0]], [[1309, 1], [26, 0]], [[1134, 140], [46, 16]], [[1286, 0], [50, 0]], [[1318, 0], [18, 0]], [[1156, 101], [68, 11]], [[1243, 43], [45, 5]], [[1320, 0], [16, 0]], [[1201, 82], [34, 19]], [[1325, 0], [11, 0]], [[1296, 1], [39, 0]], [[1315, 0], [21, 0]], [[1316, 0], [20, 0]]]
2
[[[2391, 170], [89, 19]], [[2645, 0], [24, 0]], [[2439, 84], [142, 4]], [[2027, 458], [136, 48]], [[2572, 3], [94, 0]], [[2625, 0], [44, 0]], [[2334, 205], [75, 55]], [[2613, 0], [56, 0]], [[2641, 0], [28, 0]], [[2648, 0], [21, 0]], [[2483, 92], [81, 13]], [[2615, 0], [54, 0]], [[2643, 0], [26, 0]], [[2194, 333], [93, 49]], [[2577, 8], [84, 0]], [[2647, 0], [22, 0]], [[2645, 0], [24, 0]], [[2641, 0], [28, 0]], [[2599, 22], [48, 0]], [[2557, 32], [77, 3]], [[2567, 28], [72, 2]], [[2609, 0], [60, 0]], [[2423, 172], [58, 16]], [[2647, 0], [22, 0]], [[2623, 0], [46, 0]], [[2627, 0], [42, 0]], [[2643, 0], [26, 0]], [[2614, 3], [52, 0]], [[2268, 277], [95, 29]], [[2569, 0], [100, 0]], [[2633, 0], [36, 0]], [[2311, 200], [130, 28]], [[2496, 73], [92, 8]], [[2637, 0], [32, 0]], [[2374, 190], [61, 44]], [[2647, 0], [22, 0]], [[2590, 1], [78, 0]], [[2627, 0], [42, 0]], [[2630, 0], [39, 0]]]
3
[[[3566, 269], [130, 32]], [[3961, 0], [36, 0]], [[3656, 122], [212, 7]], [[3061, 660], [203, 73]], [[3852, 4], [141, 0]], [[3931, 0], [66, 0]], [[3499, 304], [108, 86]], [[3913, 0], [84, 0]], [[3956, 0], [41, 0]], [[3966, 0], [31, 0]], [[3724, 132], [123, 18]], [[3916, 0], [81, 0]], [[3958, 0], [39, 0]], [[3294, 491], [138, 74]], [[3853, 18], [126, 0]], [[3964, 0], [33, 0]], [[3961, 0], [36, 0]], [[3955, 0], [42, 0]], [[3880, 45], [69, 3]], [[3832, 46], [115, 4]], [[3843, 43], [108, 3]], [[3907, 0], [90, 0]], [[3631, 256], [81, 29]], [[3964, 0], [33, 0]], [[3928, 0], [69, 0]], [[3934, 0], [63, 0]], [[3958, 0], [39, 0]], [[3916, 3], [78, 0]], [[3390, 421], [134, 52]], [[3847, 0], [150, 0]], [[3943, 0], [54, 0]], [[3469, 291], [197, 40]], [[3753, 94], [141, 9]], [[3949, 0], [48, 0]], [[3539, 301], [91, 66]], [[3964, 0], [33, 0]], [[3879, 1], [117, 0]], [[3934, 0], [63, 0]], [[3939, 0], [58, 0]]]
4
[[[4760, 345], [172, 44]], [[5273, 0], [48, 0]], [[4867, 162], [282, 10]], [[4076, 877], [265, 103]], [[5124, 9], [188, 0]], [[5233, 0], [88, 0]], [[4650, 413], [143, 115]], [[5209, 0], [112, 0]], [[5267, 0], [54, 0]], [[5280, 0], [41, 0]], [[4962, 171], [167, 21]], [[5213, 0], [108, 0]], [[5270, 0], [51, 0]], [[4380, 659], [189, 93]], [[5132, 21], [168, 0]], [[5277, 0], [44, 0]], [[5273, 0], [48, 0]], [[5266, 0], [55, 0]], [[5157, 68], [89, 7]], [[5106, 57], [153, 5]], [[5103, 70], [144, 4]], [[5201, 0], [120, 0]], [[4835, 340], [106, 40]], [[5277, 0], [44, 0]], [[5228, 1], [92, 0]], [[5237, 0], [84, 0]], [[5269, 1], [51, 0]], [[5214, 3], [104, 0]], [[4537, 536], [182, 66]], [[5121, 0], [200, 0]], [[5249, 0], [72, 0]], [[4618, 387], [264, 52]], [[4988, 133], [187, 13]], [[5257, 0], [64, 0]], [[4704, 408], [123, 86]], [[5278, 0], [43, 0]], [[5164, 1], [156, 0]], [[5237, 0], [84, 0]], [[5244, 0], [77, 0]]]
5
[[[5944, 427], [220, 50]], [[6581, 0], [60, 0]], [[6085, 191], [352, 13]], [[5063, 1118], [335, 125]], [[6397, 10], [234, 0]], [[6531, 0], [110, 0]], [[5801, 518], [184, 138]], [[6502, 0], [139, 0]], [[6574, 0], [67, 0]], [[6590, 0], [51, 0]], [[6191, 215], [207, 28]], [[6506, 0], [135, 0]], [[6578, 0], [63, 0]], [[5493, 796], [236, 116]], [[6408, 23], [210, 0]], [[6586, 0], [55, 0]], [[6581, 0], [60, 0]], [[6573, 0], [68, 0]], [[6442, 79], [112, 8]], [[6368, 76], [189, 8]], [[6373, 83], [178, 7]], [[6491, 0], [150, 0]], [[6049, 410], [124, 58]], [[6587, 0], [54, 0]], [[6524, 2], [115, 0]], [[6536, 0], [105, 0]], [[6577, 1], [63, 0]], [[6508, 3], [130, 0]], [[5645, 686], [230, 80]], [[6392, 0], [249, 0]], [[6551, 0], [90, 0]], [[5768, 478], [336, 59]], [[6209, 182], [235, 15]], [[6561, 0], [80, 0]], [[5855, 525], [149, 112]], [[6588, 0], [53, 0]], [[6445, 1], [195, 0]], [[6536, 0], [105, 0]], [[6545, 0], [96, 0]]]
6
[[[7120, 513], [265, 59]], [[7885, 0], [72, 0]], [[7292, 227], [425, 13]], [[6085, 1320], [403, 149]], [[7667, 10], [280, 0]], [[7826, 0], [131, 0]], [[6943, 628], [215, 171]], [[7791, 0], [166, 0]], [[7877, 0], [80, 0]], [[7896, 0], [61, 0]], [[7415, 260], [248, 34]], [[7795, 0], [162, 0]], [[7882, 0], [75, 0]], [[6574, 961], [282, 140]], [[7677, 29], [251, 0]], [[7891, 0], [66, 0]], [[7885, 0], [72, 0]], [[7876, 0], [81, 0]], [[7718, 95], [135, 9]], [[7624, 97], [228, 8]], [[7634, 101], [214, 8]], [[7777, 0], [180, 0]], [[7261, 478], [143, 75]], [[7893, 0], [64, 0]], [[7815, 5], [136, 1]], [[7831, 0], [126, 0]], [[7880, 2], [75, 0]], [[7798, 3], [156, 0]], [[6759, 826], [277, 95]], [[7658, 1], [298, 0]], [[7849, 0], [108, 0]], [[6914, 569], [403, 71]], [[7448, 209], [280, 20]], [[7861, 0], [96, 0]], [[7011, 633], [177, 136]], [[7894, 0], [63, 0]], [[7722, 1], [234, 0]], [[7832, 0], [125, 0]], [[7842, 0], [115, 0]]]
7
[[[8308, 585], [306, 72]], [[9187, 0], [84, 0]], [[8480, 280], [496, 15]], [[7083, 1544], [472, 172]], [[8929, 16], [326, 0]], [[9119, 0], [152, 0]], [[8071, 750], [253, 197]], [[9078, 0], [193, 0]], [[9178, 0], [93, 0]], [[9200, 0], [71, 0]], [[8651, 291], [290, 39]], [[9082, 0], [189, 0]], [[9184, 0], [87, 0]], [[7683, 1096], [328, 164]], [[8941, 38], [292, 0]], [[9195, 0], [76, 0]], [[9187, 0], [84, 0]], [[9177, 0], [94, 0]], [[8993, 110], [159, 9]], [[8883, 113], [264, 11]], [[8903, 109], [249, 10]], [[9061, 0], [210, 0]], [[8455, 562], [171, 83]], [[9197, 0], [74, 0]], [[9107, 5], [158, 1]], [[9124, 0], [147, 0]], [[9182, 2], [87, 0]], [[9086, 3], [182, 0]], [[7885, 952], [323, 111]], [[8922, 2], [347, 0]], [[9145, 0], [126, 0]], [[8043, 675], [472, 81]], [[8686, 235], [329, 21]], [[9159, 0], [112, 0]], [[8147, 759], [209, 156]], [[9198, 0], [73, 0]], [[8997, 2], [272, 0]], [[9126, 0], [145, 0]], [[9137, 0], [134, 0]]]
8
[[[9487, 662], [349, 83]], [[10485, 0], [96, 0]], [[9682, 315], [565, 19]], [[8081, 1765], [541, 194]], [[10193, 16], [372, 0]], [[10408, 0], [173, 0]], [[9202, 865], [289, 225]], [[10361, 0], [220, 0]], [[10475, 0], [106, 0]], [[10500, 0], [81, 0]], [[9874, 332], [331, 44]], [[10365, 0], [216, 0]], [[10482, 0], [99, 0]], [[8772, 1247], [370, 192]], [[10202, 46], [331, 2]], [[10495, 0], [86, 0]], [[10485, 0], [96, 0]], [[10474, 0], [107, 0]], [[10264, 125], [181, 11]], [[10134, 133], [303, 11]], [[10166, 119], [284, 12]], [[10341, 0], [240, 0]], [[9654, 637], [198, 92]], [[10497, 0], [84, 0]], [[10391, 9], [179, 2]], [[10413, 0], [168, 0]], [[10479, 3], [99, 0]], [[10370, 3], [208, 0]], [[9013, 1073], [369, 126]], [[10183, 2], [396, 0]], [[10437, 0], [144, 0]], [[9190, 760], [540, 91]], [[9905, 276], [373, 27]], [[10453, 0], [128, 0]], [[9284, 880], [237, 180]], [[10498, 0], [83, 0]], [[10269, 2], [310, 0]], [[10416, 0], [165, 0]], [[10428, 0], [153, 0]]]
9
[[[10645, 757], [392, 94]], [[11780, 0], [108, 0]], [[10876, 355], [636, 21]], [[9075, 1987], [612, 214]], [[11452, 18], [418, 0]], [[11694, 0], [194, 0]], [[10345, 965], [324, 254]], [[11641, 0], [247, 0]], [[11769, 0], [119, 0]], [[11797, 0], [91, 0]], [[11107, 360], [372, 49]], [[11646, 0], [242, 0]], [[11777, 0], [111, 0]], [[9844, 1412], [423, 209]], [[11459, 55], [371, 3]], [[11792, 0], [96, 0]], [[11780, 0], [108, 0]], [[11768, 0], [120, 0]], [[11531, 142], [204, 11]], [[11386, 149], [342, 11]], [[11425, 130], [319, 14]], [[11618, 0], [270, 0]], [[10852, 710], [220, 106]], [[11794, 0], [94, 0]], [[11675, 10], [201, 2]], [[11699, 0], [189, 0]], [[11772, 5], [111, 0]], [[11651, 3], [234, 0]], [[10139, 1193], [415, 141]], [[11441, 2], [445, 0]], [[11727, 0], [161, 0]], [[10316, 863], [603, 106]], [[11132, 306], [416, 34]], [[11744, 0], [144, 0]], [[10430, 989], [264, 205]], [[11795, 0], [93, 0]], [[11537, 3], [348, 0]], [[11703, 0], [185, 0]], [[11716, 0], [172, 0]]]
10
[[[11829, 823], [437, 103]], [[13073, 0], [119, 0]], [[12068, 394], [705, 25]], [[10073, 2202], [680, 237]], [[12708, 20], [464, 0]], [[12977, 0], [215, 0]], [[11469, 1081], [360, 282]], [[12918, 0], [274, 0]], [[13060, 0], [132, 0]], [[13091, 0], [101, 0]], [[12320, 405], [413, 54]], [[12924, 0], [268, 0]], [[13069, 0], [123, 0]], [[10919, 1571], [478, 224]], [[12714, 63], [412, 3]], [[13086, 0], [106, 0]], [[13072, 0], [120, 0]], [[13059, 0], [133, 0]], [[12806, 148], [227, 11]], [[12630, 170], [381, 11]], [[12672, 150], [355, 15]], [[12892, 0], [300, 0]], [[12044, 786], [246, 116]], [[13088, 0], [104, 0]], [[12957, 10], [223, 2]], [[12982, 0], [210, 0]], [[13064, 5], [123, 0]], [[12930, 3], [259, 0]], [[11264, 1311], [467, 150]], [[12695, 3], [494, 0]], [[13014, 0], [178, 0]], [[11419, 986], [667, 120]], [[12350, 342], [463, 37]], [[13033, 0], [159, 0]], [[11568, 1103], [298, 223]], [[13089, 0], [103, 0]], [[12803, 3], [386, 0]], [[12987, 0], [205, 0]], [[13001, 0], [191, 0]]]
