LDA
Precision is 0.9839364230617024
Recall is 0.9839992263024276
F1 score is 0.983967823679937
LSA
Precision is 0.9842841445637049
Recall is 0.9843472083866767
F1 score is 0.9843156754650866

Precision after LDA:
[0.9635953443060042, 0.9749807741604717, 0.999344262295082, 0.9975193641472181, 0.9977301387137453, 0.9967140185026035, 0.9965607930406636, 0.9976143342977514, 0.9598232634607481, 0.8157532797291579, 0.999546050640573, 0.9697480709285093, 0.999949551003935, 0.9800123001230012, 0.9975749002172485, 0.9987888574888979, 0.9989911218724778, 0.9878333164351617, 0.9474752732951588, 0.9953382315682797, 0.9615660551398996, 0.9944071588366891, 0.9981801637852593, 0.9874860674840409, 0.9999494668755369, 0.9937664707074803, 0.9991398937515811, 0.9989895928059008, 0.9996970767910335, 0.9971105591321539, 0.9878620971032231, 0.9965450665582766, 0.9994443602566045, 0.9991908975979772, 0.9774302017525983, 0.9782608695652174, 0.9935124176381146, 0.9999495077000757, 0.9994444444444445, 0.9981816345085363, 0.9809698264895944, 0.983967627926036, 0.9987337284100694, 0.9669720971165294, 0.9992934288886646, 0.8621220159151194, 0.9994947453516573, 0.99994945154931, 0.948512585812357, 0.9960450258594463, 0.9999495459132189, 0.9798740205868797, 0.985344431394577, 0.9963319578175149]
Recall after LDA:
[0.9812552213868003, 0.978492410599434, 0.9899070650544619, 0.9863836603924709, 0.9902377972465582, 0.9884193111746127, 0.9878177169499173, 0.9844227397946406, 0.9783713013877978, 0.9550380875704465, 0.9900579536370904, 0.9854086613355488, 0.98976330769999, 0.980715970868807, 0.9888321314102564, 0.9898474618654663, 0.9902495124756238, 0.9902429108649253, 0.9665958576739246, 0.9859953819897601, 0.9872152364918187, 0.9829128555633732, 0.988981268155865, 0.9883874239350913, 0.9881154499151104, 0.9864178278585441, 0.9869558698585637, 0.9885022995400919, 0.9891103451720865, 0.9855203166491308, 0.9811569243237768, 0.9832564668137157, 0.9886079744179075, 0.9875056224698886, 0.9851091142490372, 0.9844758684291424, 0.9864626843138241, 0.9889144112653551, 0.9887084686485136, 0.9888416312234176, 0.9846271705822267, 0.983967627926036, 0.9869362830972521, 0.9680746307333506, 0.9897525618595351, 0.9501286248830683, 0.9883093525179856, 0.9878158394087686, 0.9648203988784849, 0.9853037066760295, 0.9896634375312094, 0.9802756288744301, 0.9821346770499313, 0.9808907613602167]

Precision after LSA:
[0.971619750807568, 0.964445014098949, 0.9994703656998739, 0.9978990533083583, 0.9988146279949559, 0.9980789646630606, 0.9947906129880639, 0.9922592761788742, 0.9698160706946157, 0.8472809987304274, 0.9996973670937154, 0.97283969543666, 0.9999747755019676, 0.9863929889298892, 0.9982822209872177, 0.9991421073879693, 0.9994955609362389, 0.9916607523066004, 0.9483081728266528, 0.9959209526222448, 0.96556318540535, 0.9950172869635957, 0.9968911131331514, 0.9903738980646469, 0.9998484006266107, 0.9946280154064464, 0.996863141917531, 0.9969687784177024, 0.9997980511940223, 0.9969331373244792, 0.988015095879233, 0.9926582664363378, 0.9996969237763298, 0.9994690265486725, 0.986779091094355, 0.98263924243967, 0.9944754181449569, 0.9999242615501136, 0.9996464646464647, 0.9990655621779978, 0.9840991197272682, 0.9849920606464171, 0.9985311249556805, 0.9725630273852047, 0.9996467144443323, 0.7945092838196286, 0.9996463217461601, 0.99979780619724, 0.9523091325150822, 0.9961210830544569, 0.9998234106962663, 0.9846366569365494, 0.9779145176939182, 0.9958989250598604]
Recall after LSA:
[0.9817376437674852, 0.9796635767107593, 0.9899577827183933, 0.9865862509071799, 0.9900997524938123, 0.9882865295089353, 0.9896601172356537, 0.9848606982719532, 0.9776264339539581, 0.9560390366192139, 0.99000999000999, 0.9869870648313762, 0.9897635632786558, 0.9821647274954072, 0.9889636877799745, 0.9897767890619141, 0.9900564632988558, 0.9892035398230089, 0.9649856976374616, 0.9860529286341402, 0.9848678880380525, 0.9836395164735744, 0.9890415768092683, 0.9879463270411645, 0.9881882881758022, 0.9865781933343387, 0.9875447961306167, 0.9886030608922175, 0.9890867317633544, 0.9856412569538415, 0.9810604142401378, 0.9844801088407952, 0.9886602058147667, 0.9874597187179935, 0.9855238385997048, 0.9851218578537706, 0.9865252149429333, 0.9889141344785398, 0.9887354197367435, 0.9887031066456724, 0.9848257249789953, 0.983782677648744, 0.9869336670838548, 0.9678283491744585, 0.9896819646738452, 0.9501046755059316, 0.9883851629823904, 0.9878633503146539, 0.966968552794867, 0.985403656609736, 0.9896868601108725, 0.9810694968874375, 0.9830347518094553, 0.980907220633248]